0S,0C
2122 1
3503 1
3499 1
13799 1
11918 1
4084 1
11432 1
4562 1
13179 1
4320 1
20416 1
12931 1
13149 1
10842 1
11622 1
12587 1
16218 1
16215 1
16218 1
16218 1
12576 1
16218 1
16204 1
16204 1
16204 1
16204 1
16214 1
16203 1
16216 1
16232 1
3647 1
16299 1
16298 1
46907 1
16286 1
16297 1
16286 1
16289 1
16287 1
16289 1
16289 1
1279 1
1279 1
16298 1
16301 1
16301 1
16301 1
16303 1
16301 1
1055 1
1057 1
1170 1
1179 1
1174 1
1187 1
1189 1
1166 1
1169 1
1169 1
1169 1
1170 1
1189 1
1189 1
1189 1
1183 1
1169 1
1189 1
1189 1
1189 1
1161 1
1071 1
1161 1
1194 1
1194 1
1100 1
1099 1
1161 1
1105 1
16303 1
1168 1
1180 1
16224 1
16238 1
16238 1
1168 1
1182 1
1080 1
1163 1
1172 1
1092 1
1170 1
1164 1
1167 1
1163 1
1071 1
1184 1
1157 1
1167 1
1184 1
1184 1
16238 1
16236 1
1178 1
1178 1
1178 1
1178 1
1168 1
1168 1
1170 1
1161 1
1069 1
16237 1
1166 1
1157 1
1114 1
1169 1
1161 1
1130 1
1155 1
1155 1
1172 1
3466 1
1178 1
1086 1
1174 1
1174 1
1190 1
16223 1
16237 1
16236 1
16238 1
16238 1
16238 1
1184 1
1177 1
1102 1
1178 1
1088 1
1167 1
1077 1
1167 1
1170 1
1169 1
1168 1
1082 1
16235 1
16235 1
16235 1
16235 1
1180 1
5380 1
1176 1
16078 1
4320 1
996 1
1158 1
1172 1
1164 1
1160 1
16238 1
1163 1
1163 1
1170 1
1170 1
1170 1
1170 1
1176 1
1163 1
1072 1
1163 1
1163 1
1179 1
1170 1
1178 1
1168 1
1174 1
1170 1
1170 1
1170 1
1170 1
1170 1
1168 1
1166 1
1154 1
1166 1
1171 1
1087 1
1108 1
1154 1
1072 1
1158 1
1158 1
1172 1
1158 1
1158 1
1158 1
1158 1
1072 1
1181 1
1089 1
1154 1
1170 1
1170 1
1168 1
1168 1
1168 1
1169 1
1168 1
1176 1
1164 1
1176 1
1174 1
1174 1
16238 1
1164 1
1164 1
1162 1
16462 1
16462 1
16462 1
16462 1
1177 1
37236 1
1187 1
1172 1
1167 1
1078 1
16472 1
16462 1
16460 1
16457 1
16475 1
16458 1
16458 1
16462 1
16461 1
1052 1
37235 1
1109 1
1111 1
3131 1
1814 1
739 1
2097 1
1295 1
1165 1
1171 1
20432 1
1199 1
20428 1
1299 1
1299 1
1299 1
1299 1
1299 1
1302 1
1171 1
1171 1
1167 1
1167 1
1171 1
1079 1
1167 1
1173 1
1171 1
1059 1
1104 1
1173 1
1173 1
1076 1
1170 1
1078 1
1120 1
1079 1
1126 1
1171 1
1069 1
1077 1
1077 1
1171 1
1171 1
1069 1
1077 1
1077 1
1171 1
1173 1
1170 1
1075 1
1170 1
1170 1
1170 1
1170 1
1100 1
1117 1
1170 1
1077 1
1175 1
1173 1
1173 1
1173 1
1173 1
1173 1
1170 1
1164 1
1101 1
1070 1
1070 1
1068 1
1167 1
1167 1
1170 1
1170 1
1170 1
1170 1
1170 1
1167 1
1167 1
1167 1
1167 1
1167 1
1167 1
1167 1
1167 1
1167 1
1071 1
1071 1
1167 1
1167 1
1167 1
1167 1
1167 1
1170 1
1173 1
1173 1
1170 1
1185 1
1170 1
1169 1
17889 1
20432 1
20414 1
23569 1
1171 1
1173 1
1071 1
7935 1
1193 1
16215 1
1194 1
16217 1
1201 1
16217 1
16217 1
1174 1
1174 1
1166 1
16231 1
16231 1
16217 1
16215 1
1177 1
1083 1
16212 1
16231 1
16201 1
16213 1
7705 1
1168 1
1102 1
18910 1
1163 1
1069 1
1171 1
1172 1
1177 1
1177 1
1177 1
1177 1
1171 1
1171 1
1173 1
1171 1
1171 1
1114 1
5570 1
1174 1
19552 1
17031 1
